# environment.yml

name: c:\Users\franc\OneDrive\Documents\Codecademy\Proyects\Life-Expectancy-and-GDP-Starter\.conda
channels:
  - bjodah
  - conda-forge
  - bioconda
  - tpeulen
  - defaults
dependencies:
  - asttokens=2.4.1=pyhd8ed1ab_0
  - backcall=0.2.0=pyh9f0ad1d_0
  - bzip2=1.0.8=hcfcfb64_5
  - ca-certificates=2023.11.17=h56e8100_0
  - colorama=0.4.6=pyhd8ed1ab_0
  - comm=0.1.4=pyhd8ed1ab_0
  - debugpy=1.8.0=py311h12c1d0e_1
  - decorator=5.1.1=pyhd8ed1ab_0
  - executing=2.0.1=pyhd8ed1ab_0
  - importlib-metadata=7.0.1=pyha770c72_0
  - importlib_metadata=7.0.1=hd8ed1ab_0
  - ipykernel=6.25.0=py311h746a85d_0
  - ipython=8.15.0=py311haa95532_0
  - jedi=0.19.1=pyhd8ed1ab_0
  - jupyter_client=8.6.0=pyhd8ed1ab_0
  - jupyter_core=5.6.0=py311h1ea47a8_0
  - libexpat=2.5.0=h63175ca_1
  - libffi=3.4.2=h8ffe710_5
  - libsodium=1.0.18=h8d14728_1
  - libsqlite=3.44.2=hcfcfb64_0
  - libzlib=1.2.13=hcfcfb64_5
  - matplotlib-inline=0.1.6=pyhd8ed1ab_0
  - nest-asyncio=1.5.8=pyhd8ed1ab_0
  - openssl=3.2.0=hcfcfb64_1
  - packaging=23.2=pyhd8ed1ab_0
  - parso=0.8.3=pyhd8ed1ab_0
  - pickleshare=0.7.5=py_1003
  - pip=23.3.2=pyhd8ed1ab_0
  - platformdirs=4.1.0=pyhd8ed1ab_0
  - prompt-toolkit=3.0.42=pyha770c72_0
  - psutil=5.9.7=py311ha68e1ae_0
  - pure_eval=0.2.2=pyhd8ed1ab_0
  - pygments=2.17.2=pyhd8ed1ab_0
  - python=3.11.7=h2628c8c_1_cpython
  - python-dateutil=2.8.2=pyhd8ed1ab_0
  - python_abi=3.11=4_cp311
  - pywin32=306=py311h12c1d0e_2
  - pyzmq=25.1.2=py311h9250fbb_0
  - setuptools=68.2.2=pyhd8ed1ab_0
  - six=1.16.0=pyh6c4a22f_0
  - stack_data=0.6.2=pyhd8ed1ab_0
  - tk=8.6.13=h5226925_1
  - tornado=6.3.3=py311ha68e1ae_1
  - traitlets=5.14.0=pyhd8ed1ab_0
  - tzdata=2023d=h0c530f3_0
  - ucrt=10.0.22621.0=h57928b3_0
  - vc=14.3=hcf57466_18
  - vc14_runtime=14.38.33130=h82b7239_18
  - vs2015_runtime=14.38.33130=hcb4865c_18
  - wcwidth=0.2.12=pyhd8ed1ab_0
  - wheel=0.42.0=pyhd8ed1ab_0
  - xz=5.2.6=h8d14728_0
  - zeromq=4.3.5=h63175ca_0
  - zipp=3.17.0=pyhd8ed1ab_0
prefix: c:\Users\franc\OneDrive\Documents\Codecademy\Proyects\Life-Expectancy-and-GDP-Starter\.conda
